
# Default arguments:
fledge_counts=c(1, 1, 2, 1, 0, 2, 2, 2, 2, 1, 1, 2, 1, 
                1, 1, 1, 1, 1, 0, 2, 1, 2, 1, 2, 2, 2, 
                1, 1, 1, 2, 1, 1, 
                1, 2, 2, 1, 1, 2, 1, 1)
default.parms <- list(init.inds = NULL, iteration = 10, steps = NULL,  # years / timestep
                      timestep = 1, #steps in years by default
                      n.territories = 40, terr.turnover = 0.5, 
                      learning.method = "integrate", integrate.dist = 0.1, 
                      learning.error.d = 0, learning.error.sd = 430, 
                      mortality.a = 0.468, mortality.j = 0.5, lifespan = NA, 
                      phys.lim.min = 1559, phys.lim.max = 4364, 
                      male.fledge.n.mean = 1.35, male.fledge.n.sd = 0.5,
                      male.fledge.n = fledge_counts, disp.age = 2, 
                      disp.distance.mean = 110, disp.distance.sd = 100,
                      mate.comp = FALSE, prin = FALSE, all = TRUE)

test_inds<-
structure(list(id = 1:93, 
age = c(2, 2, 2, 2, 2, 2, 2, 2, 2, 
2, 2, 2, 2, 2, 2, 2, 2, 2, 2, 2, 2, 2, 2, 2, 2, 2, 2, 2, 2, 2, 
2, 2, 2, 2, 2, 2, 2, 2, 2, 2, 1, 1, 1, 1, 1, 1, 1, 1, 1, 1, 1, 
1, 1, 1, 1, 1, 1, 1, 1, 1, 1, 1, 1, 1, 1, 1, 1, 1, 1, 1, 1, 1, 
1, 1, 1, 1, 1, 1, 1, 1, 1, 1, 1, 1, 1, 1, 1, 1, 1, 1, 1, 1, 1), 
trait = c(4004.8, 3765, 3237.4, 3621.1, 3285.4, 3573.1, 3836.9, 
3573.1, 3381.3, 3429.3, 3501.2, 3309.3, 2973.7, 3309.4, 3597.1, 
3525.2, 3573.2, 3405.3, 3357.3, 3309.3, 3501.2, 3237.4, 3669, 
3285.4, 3836.9, 3021.6, 3093.5, 2853.7, 2973.6, 3381.3, 3227.87807189696, 
3718.49624192241, 3766.95407510801, 3472.52850078345, 3487.86291758442, 
3621.11594971987, 3260.43313880077, 4017.11545312195, 3720.4201474368, 
3278.06529033312, 0, 0, 0, 0, 0, 0, 0, 0, 0, 0, 0, 0, 0, 0, 0, 
0, 0, 0, 0, 0, 0, 0, 0, 0, 0, 0, 0, 0, 0, 0, 0, 0, 0, 0, 0, 0, 
0, 0, 0, 0, 0, 0, 0, 0, 0, 0, 0, 0, 0, 0, 0, 0, 0), 
x1 = c(-122.46304045, 
-122.47945415, -122.46810769, -122.46626187, -122.47103851, -122.45702505, 
-122.45608113, -122.47700273, -122.4816132, -122.47010441, -122.4474374, 
-122.469514, -122.47832597, -122.45669724, -122.46281864, -122.46016651, 
-122.45352435, -122.46520659, -122.46889102, -122.45194586, -122.45357795, 
-122.4768614, -122.45870937, -122.46302676, -122.47220568, -122.44944743, 
-122.45557057, -122.46842312, -122.46524143, -122.46924473, -122.45507962, 
-122.47707835, -122.47875621, -122.46114481, -122.46932484, -122.46197694, 
-122.47719781, -122.46219565, -122.45593468, -122.44889574, 0, 
0, 0, 0, 0, 0, 0, 0, 0, 0, 0, 0, 0, 0, 0, 0, 0, 0, 0, 0, 0, 0, 
0, 0, 0, 0, 0, 0, 0, 0, 0, 0, 0, 0, 0, 0, 0, 0, 0, 0, 0, 0, 0, 
0, 0, 0, 0, 0, 0, 0, 0, 0, 0), 
y1 = c(37.79590278, 37.79599043, 
37.80506281, 37.80071314, 37.80173301, 37.79096117, 37.80341661, 
37.78900217, 37.80563812, 37.80467017, 37.80182812, 37.79655569, 
37.79588211, 37.79072816, 37.794477, 37.79974971, 37.79018434, 
37.78841411, 37.78833242, 37.80316272, 37.79392403, 37.80462089, 
37.80527697, 37.79908842, 37.79846534, 37.79567004, 37.7958698, 
37.80520564, 37.8040491, 37.79860955, 37.79749435, 37.78851587, 
37.7950637, 37.79049041, 37.79327839, 37.80531846, 37.7939119, 
37.79217867, 37.80398324, 37.79577329, 0, 0, 0, 0, 0, 0, 0, 0, 
0, 0, 0, 0, 0, 0, 0, 0, 0, 0, 0, 0, 0, 0, 0, 0, 0, 0, 0, 0, 0, 
0, 0, 0, 0, 0, 0, 0, 0, 0, 0, 0, 0, 0, 0, 0, 0, 0, 0, 0, 0, 0, 
0, 0, 0), 
male.fledglings = c(0, 0, 0, 0, 0, 0, 0, 0, 0, 0, 0, 
0, 0, 0, 0, 0, 0, 0, 0, 0, 0, 0, 0, 0, 0, 0, 0, 0, 0, 0, 0, 0, 
0, 0, 0, 0, 0, 0, 0, 0, 0, 0, 0, 0, 0, 0, 0, 0, 0, 0, 0, 0, 0, 
0, 0, 0, 0, 0, 0, 0, 0, 0, 0, 0, 0, 0, 0, 0, 0, 0, 0, 0, 0, 0, 
0, 0, 0, 0, 0, 0, 0, 0, 0, 0, 0, 0, 0, 0, 0, 0, 0, 0, 0), 
territory = c(1, 
1, 1, 1, 1, 1, 1, 1, 1, 1, 1, 1, 1, 1, 1, 1, 1, 1, 1, 1, 1, 1, 
1, 1, 1, 1, 1, 1, 1, 1, 1, 1, 1, 1, 1, 1, 1, 1, 1, 1, 0, 0, 0, 
0, 0, 0, 0, 0, 0, 0, 0, 0, 0, 0, 0, 0, 0, 0, 0, 0, 0, 0, 0, 0, 
0, 0, 0, 0, 0, 0, 0, 0, 0, 0, 0, 0, 0, 0, 0, 0, 0, 0, 0, 0, 0, 
0, 0, 0, 0, 0, 0, 0, 0), 
father = c(0, 0, 0, 0, 0, 0, 0, 0, 0, 
0, 0, 0, 0, 0, 0, 0, 0, 0, 0, 0, 0, 0, 0, 0, 0, 0, 0, 0, 0, 0, 
0, 0, 0, 0, 0, 0, 0, 0, 0, 0, 1, 2, 3, 3, 4, 6, 6, 7, 7, 8, 8, 
9, 9, 10, 11, 12, 12, 13, 14, 15, 16, 17, 18, 20, 20, 21, 22, 
22, 23, 24, 24, 25, 25, 26, 26, 27, 28, 29, 30, 30, 31, 32, 33, 
34, 34, 35, 35, 36, 37, 38, 38, 39, 40), 
x0 = c(0, 0, 0, 0, 0, 
0, 0, 0, 0, 0, 0, 0, 0, 0, 0, 0, 0, 0, 0, 0, 0, 0, 0, 0, 0, 0, 
0, 0, 0, 0, 0, 0, 0, 0, 0, 0, 0, 0, 0, 0, -122.46304045, -122.47945415, 
-122.46810769, -122.46810769, -122.46626187, -122.45702505, -122.45702505, 
-122.45608113, -122.45608113, -122.47700273, -122.47700273, -122.4816132, 
-122.4816132, -122.47010441, -122.4474374, -122.469514, -122.469514, 
-122.47832597, -122.45669724, -122.46281864, -122.46016651, -122.45352435, 
-122.46520659, -122.45194586, -122.45194586, -122.45357795, -122.4768614, 
-122.4768614, -122.45870937, -122.46302676, -122.46302676, -122.47220568, 
-122.47220568, -122.44944743, -122.44944743, -122.45557057, -122.46842312, 
-122.46524143, -122.46924473, -122.46924473, -122.45507962, -122.47707835, 
-122.47875621, -122.46114481, -122.46114481, -122.46932484, -122.46932484, 
-122.46197694, -122.47719781, -122.46219565, -122.46219565, -122.45593468, 
-122.44889574), 
y0 = c(0, 0, 0, 0, 0, 0, 0, 0, 0, 0, 0, 0, 0, 
0, 0, 0, 0, 0, 0, 0, 0, 0, 0, 0, 0, 0, 0, 0, 0, 0, 0, 0, 0, 0, 
0, 0, 0, 0, 0, 0, 37.79590278, 37.79599043, 37.80506281, 37.80506281, 
37.80071314, 37.79096117, 37.79096117, 37.80341661, 37.80341661, 
37.78900217, 37.78900217, 37.80563812, 37.80563812, 37.80467017, 
37.80182812, 37.79655569, 37.79655569, 37.79588211, 37.79072816, 
37.794477, 37.79974971, 37.79018434, 37.78841411, 37.80316272, 
37.80316272, 37.79392403, 37.80462089, 37.80462089, 37.80527697, 
37.79908842, 37.79908842, 37.79846534, 37.79846534, 37.79567004, 
37.79567004, 37.7958698, 37.80520564, 37.8040491, 37.79860955, 
37.79860955, 37.79749435, 37.78851587, 37.7950637, 37.79049041, 
37.79049041, 37.79327839, 37.79327839, 37.80531846, 37.7939119, 
37.79217867, 37.79217867, 37.80398324, 37.79577329), 
x = c(-122.46304045, 
-122.47945415, -122.46810769, -122.46626187, -122.47103851, -122.45702505, 
-122.45608113, -122.47700273, -122.4816132, -122.47010441, -122.4474374, 
-122.469514, -122.47832597, -122.45669724, -122.46281864, -122.46016651, 
-122.45352435, -122.46520659, -122.46889102, -122.45194586, -122.45357795, 
-122.4768614, -122.45870937, -122.46302676, -122.47220568, -122.44944743, 
-122.45557057, -122.46842312, -122.46524143, -122.46924473, -122.45507962, 
-122.47707835, -122.47875621, -122.46114481, -122.46932484, -122.46197694, 
-122.47719781, -122.46219565, -122.45593468, -122.44889574, -122.46304045, 
-122.47945415, -122.46810769, -122.46810769, -122.46626187, -122.45702505, 
-122.45702505, -122.45608113, -122.45608113, -122.47700273, -122.47700273, 
-122.4816132, -122.4816132, -122.47010441, -122.4474374, -122.469514, 
-122.469514, -122.47832597, -122.45669724, -122.46281864, -122.46016651, 
-122.45352435, -122.46520659, -122.45194586, -122.45194586, -122.45357795, 
-122.4768614, -122.4768614, -122.45870937, -122.46302676, -122.46302676, 
-122.47220568, -122.47220568, -122.44944743, -122.44944743, -122.45557057, 
-122.46842312, -122.46524143, -122.46924473, -122.46924473, -122.45507962, 
-122.47707835, -122.47875621, -122.46114481, -122.46114481, -122.46932484, 
-122.46932484, -122.46197694, -122.47719781, -122.46219565, -122.46219565, 
-122.45593468, -122.44889574),